AddStaticVehicleEx(510,1145.9000000,-1414.7000000,13.4000000,0.0000000,95,10,15); //Mountain Bike
AddStaticVehicleEx(510,1146.7000000,-1414.7000000,13.4000000,0.0000000,95,10,15); //Mountain Bike
AddStaticVehicleEx(510,1147.5000000,-1414.7000000,13.4000000,0.0000000,95,10,15); //Mountain Bike
AddStaticVehicleEx(510,1148.5000000,-1414.7000000,13.4000000,0.0000000,95,10,15); //Mountain Bike
AddStaticVehicleEx(510,1150.5000000,-1414.7000000,13.4000000,0.0000000,95,10,15); //Mountain Bike
AddStaticVehicleEx(510,1151.2000000,-1414.7000000,13.4000000,0.0000000,95,10,15); //Mountain Bike
AddStaticVehicleEx(510,1152.2000000,-1414.7000000,13.4000000,0.0000000,95,10,15); //Mountain Bike
AddStaticVehicleEx(510,1153.2000000,-1414.7000000,13.4000000,0.0000000,95,10,15); //Mountain Bike
AddStaticVehicleEx(571,1110.9004000,-1415.0000000,12.9000000,0.0000000,42,119,15); //Kart
AddStaticVehicleEx(571,1108.7002000,-1415.0000000,12.9000000,0.0000000,42,119,15); //Kart
AddStaticVehicleEx(571,1105.7002000,-1414.9004000,12.9000000,0.0000000,42,119,15); //Kart
AddStaticVehicleEx(571,1103.7002000,-1414.9004000,12.9000000,0.0000000,42,119,15); //Kart
AddStaticVehicleEx(571,1110.9000000,-1412.4000000,12.9000000,0.0000000,42,119,15); //Kart
AddStaticVehicleEx(571,1108.7000000,-1412.4000000,12.9000000,0.0000000,42,119,15); //Kart
AddStaticVehicleEx(571,1105.7000000,-1412.5000000,12.9000000,0.0000000,42,119,15); //Kart
AddStaticVehicleEx(571,1103.8000000,-1412.5000000,12.9000000,0.0000000,42,119,15); //Kart
CreateObject(984,1118.2000000,-1423.6000000,15.4000000,0.0000000,0.0000000,269.0000000);
CreateObject(984,1138.9000000,-1423.6000000,15.4000000,0.0000000,0.0000000,270.0000000);
CreateObject(997,1145.4000000,-1415.9000000,12.7000000,0.0000000,0.0000000,90.0000000);
CreateObject(997,1149.8000000,-1415.9000000,12.7000000,0.0000000,0.0000000,90.0000000);
CreateObject(997,1154.3000000,-1415.9000000,12.7000000,0.0000000,0.0000000,90.0000000);
CreateObject(997,1111.8000000,-1416.0000000,12.7000000,0.0000000,0.0000000,90.0000000);
CreateObject(997,1107.2000000,-1416.0000000,12.7000000,0.0000000,0.0000000,90.0000000);
CreateObject(997,1102.3000000,-1416.1000000,12.7000000,0.0000000,0.0000000,90.0000000);
CreateObject(2773,1132.5000000,-1424.6000000,15.3000000,0.0000000,0.0000000,0.0000000);
CreateObject(2773,1124.6000000,-1424.7000000,15.3000000,0.0000000,0.0000000,0.0000000);
CreateObject(2773,1124.6000000,-1426.6000000,15.3000000,0.0000000,0.0000000,0.0000000);
CreateObject(2773,1124.6000000,-1428.5000000,15.3000000,0.0000000,0.0000000,0.0000000);
CreateObject(2773,1132.5000000,-1426.5000000,15.3000000,0.0000000,0.0000000,0.0000000);
CreateObject(2773,1132.5000000,-1428.4000000,15.3000000,0.0000000,0.0000000,0.0000000);
CreateObject(1215,1111.8000000,-1412.6000000,13.1000000,0.0000000,0.0000000,0.0000000);
CreateObject(1215,1107.1000000,-1412.6000000,13.1000000,0.0000000,0.0000000,0.0000000);
CreateObject(1215,1102.3000000,-1412.7000000,13.1000000,0.0000000,0.0000000,0.0000000);
CreateObject(1215,1145.4000000,-1412.5000000,13.1000000,0.0000000,0.0000000,359.2500000);
CreateObject(1215,1149.8000000,-1412.5000000,13.1000000,0.0000000,0.0000000,359.2470000);
CreateObject(1215,1154.3000000,-1412.5000000,13.1000000,0.0000000,0.0000000,359.2470000);
CreateObject(14537,1127.7000000,-1449.5000000,16.7000000,0.0000000,0.0000000,0.0000000);
CreateObject(1679,1121.0000000,-1439.7000000,15.3000000,0.0000000,0.0000000,0.0000000);
CreateObject(1679,1134.8000000,-1440.0000000,15.3000000,0.0000000,0.0000000,0.0000000);
CreateObject(2125,1129.7000000,-1444.3000000,15.1000000,0.0000000,0.0000000,0.0000000);
CreateObject(2125,1131.1000000,-1444.2000000,15.1000000,0.0000000,0.0000000,0.0000000);
CreateObject(2125,1125.8000000,-1444.3000000,15.1000000,0.0000000,0.0000000,0.0000000);
CreateObject(2125,1124.3000000,-1444.3000000,15.1000000,0.0000000,0.0000000,0.0000000);
CreateObject(2125,1122.3000000,-1446.2000000,15.1000000,0.0000000,0.0000000,0.0000000);
CreateObject(2125,1122.3000000,-1447.4000000,15.1000000,0.0000000,0.0000000,0.0000000);
CreateObject(2125,1122.3000000,-1452.0000000,15.1000000,0.0000000,0.0000000,0.0000000);
CreateObject(2125,1122.3000000,-1453.5000000,15.1000000,0.0000000,0.0000000,0.0000000);
CreateObject(2125,1123.9000000,-1455.1000000,15.1000000,0.0000000,0.0000000,0.0000000);
CreateObject(2125,1125.6000000,-1455.1000000,15.1000000,0.0000000,0.0000000,0.0000000);
CreateObject(2125,1129.6000000,-1455.2000000,15.1000000,0.0000000,0.0000000,0.0000000);
CreateObject(2125,1131.2000000,-1455.2000000,15.1000000,0.0000000,0.0000000,0.0000000);
CreateObject(2125,1133.2000000,-1453.6000000,15.1000000,0.0000000,0.0000000,0.0000000);
CreateObject(2125,1133.2000000,-1452.4000000,15.1000000,0.0000000,0.0000000,0.0000000);
CreateObject(2125,1133.2000000,-1447.5000000,15.1000000,0.0000000,0.0000000,0.0000000);
CreateObject(2125,1133.2000000,-1446.2000000,15.1000000,0.0000000,0.0000000,0.0000000);
CreateObject(1679,1134.8000000,-1433.0000000,15.3000000,0.0000000,0.0000000,0.0000000);
CreateObject(1679,1121.0000000,-1432.9000000,15.3000000,0.0000000,0.0000000,0.0000000);
CreateObject(3461,1124.7000000,-1430.2000000,16.4000000,0.0000000,0.0000000,0.0000000);
CreateObject(3461,1132.5000000,-1430.0000000,16.4000000,0.0000000,0.0000000,0.0000000);
CreateObject(2744,1133.9000000,-1425.7000000,16.6000000,0.0000000,0.0000000,0.0000000);
CreateObject(2744,1124.1000000,-1425.6000000,16.6000000,0.0000000,0.0000000,0.0000000);
